<?xml version="1.0" encoding="UTF-8" standalone="no" ?>
<SimMechanicsImportXML version="1.0" xmlns="urn:mathworks:simmechanics:import" xmlns:xsi="http://www.w3.org/2001/XMLSchema-instance">
<Created by="" on="01/31/16||16:48:17" using="SimMechanics Link Version 4.4" from="SolidWorks 23.2.0"/>
<ModelUnits mass="kilogram" length="millimeter"/>
<DataUnits mass="kilogram" length="meter"/>
<RootAssembly name="RenesasCarOnTheTrack" uid="RenesasCarOnTheTrack" version="180">
<AssemblyFile name="RenesasCarOnTheTrack.SLDASM" type="SolidWorks Assembly"/>
<InstanceTree>
<Instance name="Renesas-MCU-Car-1" uid="Renesas-MCU-Car-1" entityUid="Renesas-MCU-Car" rigid="true">
<Transform>
<Rotation>0.009842843126348727 9.3127762722135505e-014 -0.99995155804628355 2.8650536207873294e-016 1 9.3135125385998131e-014 0.99995155804628366 -1.2049143152393405e-015 0.009842843126348727</Rotation>
<Translation>0.74089419977274185 0.18628660999402399 0.43785239327131531</Translation>
</Transform>
<Instance name="5-6-7-1" uid="5-6-7-1" entityUid="5-6-7">
<Transform>
<Rotation>1 0 0 0 1 0 0 0 1</Rotation>
<Translation>0 -0.044499999999999984 -0.064599999999999991</Translation>
</Transform>
<Instance name="6-3-1-7" uid="6-3-1-7" entityUid="6-3-1*:*Default">
<Transform>
<Rotation>0 -1 0 1 0 0 0 0 0.99999999999999989</Rotation>
<Translation>0.091749999999999998 0.012249999999999983 -0.0052499999999999769</Translation>
</Transform>
</Instance>
<Instance name="6-3-1-8" uid="6-3-1-8" entityUid="6-3-1*:*Default">
<Transform>
<Rotation>1.2856213830169397e-016 1.0000000000000002 0 -1 1.2514488715107401e-016 0 0 0 0.99999999999999989</Rotation>
<Translation>0.043250000000000011 0.012249999999999983 -0.021249999999999991</Translation>
</Transform>
</Instance>
<Instance name="6-0-1-1" uid="6-0-1-1" grounded="true" entityUid="6-0-1*:*Default">
<Transform>
<Rotation>1 0 0 0 1 0 0 0 1</Rotation>
<Translation>0 0 0</Translation>
</Transform>
</Instance>
<Instance name="9-3-1-1" uid="9-3-1-1" entityUid="9-3-1*:*Default">
<Transform>
<Rotation>-1.0000000000000002 0 2.2377932840100812e-016 0 -1 0 1.0928757898653885e-016 0 0.99999999999999989</Rotation>
<Translation>0.0099999999999998979 0.0089999999999999802 -0.053749999999999964</Translation>
</Transform>
</Instance>
<Instance name="7-0-1-1" uid="7-0-1-1" entityUid="7-0-1*:*Default">
<Transform>
<Rotation>1 0 0 0 1 0 0 0 1</Rotation>
<Translation>0 0.013249999999999984 0.0087499999999998135</Translation>
</Transform>
</Instance>
<Instance name="5-0-1-1" uid="5-0-1-1" entityUid="5-0-1*:*Default">
<Transform>
<Rotation>1 0 0 0 1 0 0 0 1</Rotation>
<Translation>0.0099999999999998979 0.0032500000000000029 -0.033749999999999947</Translation>
</Transform>
</Instance>
<Instance name="9-1-1-2" uid="9-1-1-2" entityUid="9-1-1*:*Default">
<Transform>
<Rotation>-1.0000000000000002 0 0 0 -1 1.0632877737742697e-016 0 1.0630043328035075e-016 0.99999999999999989</Rotation>
<Translation>-0.059999999999999942 0.0050000000000000044 0.016250000000000098</Translation>
</Transform>
</Instance>
<Instance name="9-3-1-6" uid="9-3-1-6" entityUid="9-3-1*:*Default">
<Transform>
<Rotation>1.0000000000000002 0 1.0928757898653885e-016 0 -1 0 0 0 -0.99999999999999989</Rotation>
<Translation>-0.025000000000000022 0.009000000000000008 -0.023749999999999938</Translation>
</Transform>
</Instance>
<Instance name="9-3-1-2" uid="9-3-1-2" entityUid="9-3-1*:*Default">
<Transform>
<Rotation>1.0000000000000002 0 0 0 -1 0 0 0 -0.99999999999999978</Rotation>
<Translation>-0.010000000000000009 0.0089999999999999802 -0.033749999999999947</Translation>
</Transform>
</Instance>
<Instance name="9-3-1-4" uid="9-3-1-4" entityUid="9-3-1*:*Default">
<Transform>
<Rotation>1 0 0 0 -1 0 0 0 -0.99999999999999989</Rotation>
<Translation>0.0099999999999999534 0.009000000000000008 -0.033750000000000058</Translation>
</Transform>
</Instance>
<Instance name="5-0-1-2" uid="5-0-1-2" entityUid="5-0-1*:*Default">
<Transform>
<Rotation>1 0 0 0 1 0 0 0 1</Rotation>
<Translation>-0.01000000000000012 0.0032499999999999751 -0.053749999999999964</Translation>
</Transform>
</Instance>
<Instance name="5-0-1-3" uid="5-0-1-3" entityUid="5-0-1*:*Default">
<Transform>
<Rotation>1 0 0 0 1 0 0 0 1</Rotation>
<Translation>0.0099999999999998979 0.0032500000000000029 -0.053749999999999853</Translation>
</Transform>
</Instance>
<Instance name="5-0-1-4" uid="5-0-1-4" entityUid="5-0-1*:*Default">
<Transform>
<Rotation>1 0 0 0 1 0 0 0 1</Rotation>
<Translation>-0.010000000000000064 0.0032500000000000029 -0.033749999999999947</Translation>
</Transform>
</Instance>
<Instance name="9-3-1-5" uid="9-3-1-5" entityUid="9-3-1*:*Default">
<Transform>
<Rotation>1.0000000000000002 0 -1.6826817716975029e-016 0 -1 -1.0963089345005306e-016 0 1.0059978955811863e-016 -0.99999999999999989</Rotation>
<Translation>0.025000000000000688 0.0089999999999999802 0.041250000000000009</Translation>
</Transform>
</Instance>
<Instance name="6-1-1-5" uid="6-1-1-5" entityUid="6-1-1*:*Default">
<Transform>
<Rotation>1 0 0 0 1 0 0 0 1</Rotation>
<Translation>-0.067499999999999949 0.0032500000000000029 0.0032500000000000862</Translation>
</Transform>
</Instance>
<Instance name="5-1-1-2" uid="5-1-1-2" entityUid="5-1-1*:*Default">
<Transform>
<Rotation>0.99906909480219686 0 -0.043138657966138159 0 1 0 0.043138657966138048 -1.0327277168207177e-016 0.99906909480219652</Rotation>
<Translation>0.025000000000000688 0.0032500000000000029 0.04125000000000012</Translation>
</Transform>
</Instance>
<Instance name="9-3-1-3" uid="9-3-1-3" entityUid="9-3-1*:*Default">
<Transform>
<Rotation>-1 0 0 0 -1 0 0 0 1</Rotation>
<Translation>-0.010000000000000175 0.0089999999999999802 -0.053750000000000075</Translation>
</Transform>
</Instance>
<Instance name="5-1-1-1" uid="5-1-1-1" entityUid="5-1-1*:*Default">
<Transform>
<Rotation>1 0 0 0 1 0 0 0 1</Rotation>
<Translation>-0.025000000000000022 0.0032500000000000029 -0.023749999999999827</Translation>
</Transform>
</Instance>
<Instance name="6-1-1-7" uid="6-1-1-7" entityUid="6-1-1*:*Default">
<Transform>
<Rotation>1 0 0 0 1 0 0 0 1</Rotation>
<Translation>0.067500000000000115 0.0032499999999999751 0.0032500000000000862</Translation>
</Transform>
</Instance>
<Instance name="9-1-1-1" uid="9-1-1-1" entityUid="9-1-1*:*Default">
<Transform>
<Rotation>-1.0000000000000002 0 0 0 -1 0 0 0 0.99999999999999989</Rotation>
<Translation>-0.059999999999999887 0.0050000000000000044 -0.018749999999999933</Translation>
</Transform>
</Instance>
<Instance name="9-1-1-6" uid="9-1-1-6" entityUid="9-1-1*:*Default">
<Transform>
<Rotation>-1.0000000000000002 -1.2319146469502033e-016 0 1.2660871584563989e-016 -1 0 0 0 0.99999999999999989</Rotation>
<Translation>0.060000000000000497 0.0049999999999999767 0.016249999999999987</Translation>
</Transform>
</Instance>
<Instance name="9-1-1-8" uid="9-1-1-8" entityUid="9-1-1*:*Default">
<Transform>
<Rotation>1 0 0 0 -1 -1.0145065587746582e-016 0 1.0145065587746582e-016 -1</Rotation>
<Translation>0.0750000000000004 0.0050000000000000044 -0.018750000000000044</Translation>
</Transform>
</Instance>
<Instance name="9-1-1-5" uid="9-1-1-5" entityUid="9-1-1*:*Default">
<Transform>
<Rotation>1.0000000000000002 0 0 0 -1 0 0 0 -0.99999999999999989</Rotation>
<Translation>0.060000000000000386 0.0050000000000000044 -0.018749999999999933</Translation>
</Transform>
</Instance>
<Instance name="6-3-1-1" uid="6-3-1-1" entityUid="6-3-1*:*Default">
<Transform>
<Rotation>0 1.0000000000000002 0 -1 0 0 0 0 0.99999999999999989</Rotation>
<Translation>-0.091749999999999943 0.012250000000000011 0.027750000000000052</Translation>
</Transform>
</Instance>
<Instance name="6-3-1-2" uid="6-3-1-2" entityUid="6-3-1*:*Default">
<Transform>
<Rotation>-1.0852200700431435e-015 -1.0000000000000002 -5.3429483060085659e-016 -1 1.0886373211937629e-015 -1.1103647451105412e-016 1.1100813041397879e-016 5.3082538364890297e-016 -0.99999999999999989</Rotation>
<Translation>-0.043249999999999955 0.012249999999999955 0.011749999999999927</Translation>
</Transform>
</Instance>
<Instance name="6-3-1-4" uid="6-3-1-4" entityUid="6-3-1*:*Default">
<Transform>
<Rotation>0 -1 0 -1 0 0 0 0 -0.99999999999999989</Rotation>
<Translation>-0.043249999999999955 0.012250000000000011 -0.021249999999999991</Translation>
</Transform>
</Instance>
<Instance name="9-1-1-7" uid="9-1-1-7" entityUid="9-1-1*:*Default">
<Transform>
<Rotation>-1.0000000000000002 0 1.1275702593849246e-016 0 -1 1.045292903592301e-016 1.0928757898653885e-016 1.0450094626215886e-016 0.99999999999999989</Rotation>
<Translation>0.075000000000000511 0.0050000000000000044 0.016249999999999987</Translation>
</Transform>
</Instance>
<Instance name="6-3-1-3" uid="6-3-1-3" entityUid="6-3-1*:*Default">
<Transform>
<Rotation>0 1 0 1 0 1.1102230246250535e-016 1.1103647451104423e-016 0 -0.99999999999999989</Rotation>
<Translation>-0.091749999999999998 0.012249999999999983 -0.0052499999999998659</Translation>
</Transform>
</Instance>
<Instance name="6-3-1-6" uid="6-3-1-6" entityUid="6-3-1*:*Default">
<Transform>
<Rotation>0 1 0 -1 0 0 0 0 0.99999999999999989</Rotation>
<Translation>0.043250000000000122 0.012249999999999817 0.011749999999999927</Translation>
</Transform>
</Instance>
<Instance name="9-1-1-3" uid="9-1-1-3" entityUid="9-1-1*:*Default">
<Transform>
<Rotation>-1 1.7742968587613442e-016 0 -1.7572106030082425e-016 -1 -1.7581538555548719e-016 0 -1.7582955760402563e-016 0.99999999999999989</Rotation>
<Translation>-0.074999999999999956 0.0049999999999999767 -0.018749999999999933</Translation>
</Transform>
</Instance>
<Instance name="9-1-1-4" uid="9-1-1-4" entityUid="9-1-1*:*Default">
<Transform>
<Rotation>-1.0000000000000002 0 0 0 -1 0 0 0 0.99999999999999989</Rotation>
<Translation>-0.074999999999999956 0.0050000000000000044 0.016249999999999987</Translation>
</Transform>
</Instance>
<Instance name="6-3-1-5" uid="6-3-1-5" entityUid="6-3-1*:*Default">
<Transform>
<Rotation>0 -1.0000000000000002 1.9949319973733282e-016 1 0 0 0 1.960237527853792e-016 0.99999999999999989</Rotation>
<Translation>0.091749999999999998 0.012250000000000011 0.027750000000000052</Translation>
</Transform>
</Instance>
</Instance>
<Instance name="9-3-1-1" uid="9-3-1-1" entityUid="9-3-1*:*Default">
<Transform>
<Rotation>-1 -1.531072589771341e-016 9.1593399531575415e-016 -1.4969096925628077e-016 1 1.908736015237514e-015 -9.1766871879173095e-016 1.90876435933489e-015 -0.99999999999999978</Rotation>
<Translation>0.010000000000000009 -0.012749999999999928 -0.11834999999999984</Translation>
</Transform>
</Instance>
<Instance name="9-1-1-1" uid="9-1-1-1" entityUid="9-1-1*:*Default">
<Transform>
<Rotation>-1 -1.2574695832640208e-016 9.1246454836380053e-016 -1.2232970720142385e-016 1 1.7977137127770179e-015 -9.1419927183977734e-016 1.7977420568723739e-015 -0.99999999999999978</Rotation>
<Translation>0.010000000000000064 -0.011999999999999983 -0.098350000000000048</Translation>
</Transform>
</Instance>
<Instance name="9-1-1-2" uid="9-1-1-2" entityUid="9-1-1*:*Default">
<Transform>
<Rotation>1 0 0 0 1 0 0 0 1</Rotation>
<Translation>-0.0099999999999999534 -0.011999999999999983 -0.098349999999999937</Translation>
</Transform>
</Instance>
<Instance name="9-3-1-8" uid="9-3-1-8" entityUid="9-3-1*:*Default">
<Transform>
<Rotation>1 2.5123684287239155e-016 -8.3214685142607436e-015 2.478195917229464e-016 -1 0 -8.3197337907847668e-015 0 -0.99999999999999989</Rotation>
<Translation>-0.064999999999998892 -0.035500000000000004 0.0016500000000004844</Translation>
</Transform>
</Instance>
<Instance name="9-3-1-2" uid="9-3-1-2" entityUid="9-3-1*:*Default">
<Transform>
<Rotation>-1.0000000000000002 -2.264980187381371e-016 -1.3704315460216776e-016 -2.2308172901592812e-016 1 1.6311802590816176e-015 1.3357370765021415e-016 1.6312086031786069e-015 -0.99999999999999989</Rotation>
<Translation>-0.010000000000000009 -0.012749999999999956 -0.11834999999999996</Translation>
</Transform>
</Instance>
<Instance name="9-3-1-9" uid="9-3-1-9" entityUid="9-3-1*:*Default">
<Transform>
<Rotation>1 1.0120097589948087e-016 -8.3214685142607436e-015 0 -0.99999999999999989 0 -8.3197337907847668e-015 0 -0.99999999999999989</Rotation>
<Translation>0.020000000000001072 -0.035500000000000004 0.0016499999999999293</Translation>
</Transform>
</Instance>
<Instance name="9-3-1-7" uid="9-3-1-7" entityUid="9-3-1*:*Default">
<Transform>
<Rotation>-1 1.3409751041291274e-015 8.4324908167232593e-015 -1.3375578529792955e-015 -1 -1.879114599953289e-015 8.4307560932472825e-015 -1.8791429440227412e-015 0.99999999999999989</Rotation>
<Translation>-0.019999999999998963 -0.035500000000000004 0.0016500000000001513</Translation>
</Transform>
</Instance>
<Instance name="9-3-1-10" uid="9-3-1-10" entityUid="9-3-1*:*Default">
<Transform>
<Rotation>-1 4.9968504074273122e-016 8.4428991575791201e-015 -4.9626778959317208e-016 -1 -1.879114599607364e-015 8.4411644341031433e-015 -1.8791429437390183e-015 0.99999999999999989</Rotation>
<Translation>0.065000000000001057 -0.035499999999999948 0.0016499999999993742</Translation>
</Transform>
</Instance>
<Instance name="10-1-1-5" uid="10-1-1-5" entityUid="10-1-1*:*Default">
<Transform>
<Rotation>1 0 0 0 1 0 0 0 1</Rotation>
<Translation>-0.019999999999999019 -0.039049999999999974 0.0016500000000001513</Translation>
</Transform>
</Instance>
<Instance name="10-1-1-8" uid="10-1-1-8" entityUid="10-1-1*:*Default">
<Transform>
<Rotation>1 0 0 0 1 0 0 0 1</Rotation>
<Translation>0.020000000000001072 -0.039050000000000001 0.0016500000000001513</Translation>
</Transform>
</Instance>
<Instance name="9-3-1-11" uid="9-3-1-11" entityUid="9-3-1*:*Default">
<Transform>
<Rotation>1.0000000000000002 2.5452752211265832e-016 0 2.5111027096315026e-016 -1 -3.7339196024925641e-016 0 3.7336361614453271e-016 -0.99999999999999989</Rotation>
<Translation>-0.020000000000000018 -0.0062499999999999778 0.01165000000000016</Translation>
</Transform>
</Instance>
<Instance name="10-1-1-11" uid="10-1-1-11" entityUid="10-1-1*:*Default">
<Transform>
<Rotation>1 0 0 0 1 0 0 0 1</Rotation>
<Translation>-0.020000000000000018 -0.0098000000000000032 0.01165000000000016</Translation>
</Transform>
</Instance>
<Instance name="10-1-1-7" uid="10-1-1-7" entityUid="10-1-1*:*Default">
<Transform>
<Rotation>1 0 0 0 1 0 0 0 1</Rotation>
<Translation>0.065000000000000946 -0.039049999999999974 0.0016500000000001513</Translation>
</Transform>
</Instance>
<Instance name="7-1-1-1" uid="7-1-1-1" entityUid="7-1-1*:*Default">
<Transform>
<Rotation>1 0 0 0 1 0 0 0 1</Rotation>
<Translation>0 0 0.014150000000000107</Translation>
</Transform>
</Instance>
<Instance name="10-1-1-9" uid="10-1-1-9" entityUid="10-1-1*:*Default">
<Transform>
<Rotation>1 0 0 0 1 0 0 0 1</Rotation>
<Translation>-0.024999999999999301 -0.029879999999999962 -0.08835000000000004</Translation>
</Transform>
</Instance>
<Instance name="5-1-1-4" uid="5-1-1-4" entityUid="5-1-1*:*Default">
<Transform>
<Rotation>1 0 0 0 1 0 0 0 1</Rotation>
<Translation>0.03499999999999992 -0.010000000000000037 -0.0033499999999999641</Translation>
</Transform>
</Instance>
<Instance name="10-1-1-6" uid="10-1-1-6" entityUid="10-1-1*:*Default">
<Transform>
<Rotation>-1 0 0 0 -1 -1.8795520378222153e-015 0 -1.8795662098707497e-015 0.99999999999999989</Rotation>
<Translation>-0.064999999999998948 -0.03705 0.0016499999999999293</Translation>
</Transform>
</Instance>
<Instance name="9-3-1-16" uid="9-3-1-16" entityUid="9-3-1*:*Default">
<Transform>
<Rotation>1 1.124598144186664e-016 -1.3877787807814457e-016 1.1075118884335622e-016 -1 0 -1.3704315460216776e-016 0 -0.99999999999999989</Rotation>
<Translation>0.03499999999999992 -0.0042500000000000315 -0.0033499999999999641</Translation>
</Transform>
</Instance>
<Instance name="10-1-1-14" uid="10-1-1-14" entityUid="10-1-1*:*Default">
<Transform>
<Rotation>1 0 0 0 1 0 0 0 1</Rotation>
<Translation>0.03499999999999992 0.0019499999999999795 -0.0033499999999999641</Translation>
</Transform>
</Instance>
<Instance name="9-3-1-13" uid="9-3-1-13" entityUid="9-3-1*:*Default">
<Transform>
<Rotation>1 0 0 0 -0.99999999999999989 0 0 0 -0.99999999999999978</Rotation>
<Translation>-0.035000000000000031 -0.0042500000000000038 -0.0033499999999998531</Translation>
</Transform>
</Instance>
<Instance name="6-2-1-1" uid="6-2-1-1" entityUid="6-2-1*:*Default">
<Transform>
<Rotation>1 0 0 0 1 0 0 0 1</Rotation>
<Translation>0 -0.013249999999999984 0.011650000000000049</Translation>
</Transform>
</Instance>
<Instance name="Right-High-Speed-Gear-Box-8-1" uid="Right-High-Speed-Gear-Box-8-1" entityUid="Right-High-Speed-Gear-Box-8">
<Transform>
<Rotation>0 -1.0000000000000002 0 -1 0 -5.8495017330423326e-015 5.8494733890759932e-015 0 -0.99999999999999989</Rotation>
<Translation>0.067339714657311811 -0.0058272474978285638 0.052656253489712812</Translation>
</Transform>
<Instance name="Red-Gear-1" uid="Red-Gear-1" entityUid="Red-Gear*:*Default">
<Transform>
<Rotation>-0.97714487802747019 2.1337335980656533e-016 0.21257442777690871 3.9768535686768303e-016 1 8.2052420413702976e-016 -0.21257442777690874 8.8470897274817162e-016 -0.97714487802747008</Rotation>
<Translation>0.025772752502171176 0.0077572146573107181 0.040154211198158429</Translation>
</Transform>
</Instance>
<Instance name="9-6-1-2" uid="9-6-1-2" entityUid="9-6-1*:*Default">
<Transform>
<Rotation>1 0 0 0 1 0 0 0 1</Rotation>
<Translation>0.032822752502171176 0.039337214657310771 0.043734211198158346</Translation>
</Transform>
</Instance>
<Instance name="9-7-1-2" uid="9-7-1-2" entityUid="9-7-1*:*Default">
<Transform>
<Rotation>-1 0 0 0 -1.0000000000000002 0 0 0 0.99999999999999989</Rotation>
<Translation>0.010022752502171162 0.018437214657310796 0.032454211198158278</Translation>
</Transform>
</Instance>
<Instance name="Box-Part-2-1" uid="Box-Part-2-1" grounded="true" entityUid="Box-Part-2*:*Default">
<Transform>
<Rotation>1 0 0 0 1 0 0 0 1</Rotation>
<Translation>0.021422752502171183 0.020287214657310815 0.040754211198158474</Translation>
</Transform>
</Instance>
<Instance name="9-6-1-3" uid="9-6-1-3" entityUid="9-6-1*:*Default">
<Transform>
<Rotation>1 0 0 0 1 0 0 0 1</Rotation>
<Translation>0.010022752502171162 0.039337214657310826 0.017354211198158387</Translation>
</Transform>
</Instance>
<Instance name="9-7-1-4" uid="9-7-1-4" entityUid="9-7-1*:*Default">
<Transform>
<Rotation>-1 0 0 0 -1.0000000000000002 0 0 0 0.99999999999999989</Rotation>
<Translation>0.010022752502171162 0.018437214657310741 0.06415421119815834</Translation>
</Transform>
</Instance>
<Instance name="Motor-1" uid="Motor-1" entityUid="Motor*:*Default">
<Transform>
<Rotation>-1 0 -1.2490009027033477e-016 0 -1 0 -1.2491426218813058e-016 0 0.99999999999999989</Rotation>
<Translation>0.021422752502171183 0.044337214657310831 0.030544211198158422</Translation>
</Transform>
</Instance>
<Instance name="RightMotor-Axle-GreenGear-HexSecure-1" uid="RightMotor-Axle-GreenGear-HexSecure-1" entityUid="RightMotor-Axle-GreenGear-HexSecure">
<Transform>
<Rotation>-0.98207492070201585 -4.3849726331002617e-016 0.18849098155649041 -4.0440741033709315e-016 1 2.0296264668928643e-016 -0.18849098155649038 1.2490009027033011e-016 -0.98207492070201574</Rotation>
<Translation>0.021234261520614667 0.042287214657310723 0.053736286118860499</Translation>
</Transform>
<Instance name="Axle-Secure-2" uid="Axle-Secure-2" entityUid="Axle-Secure*:*Default">
<Transform>
<Rotation>1.6696713456276768e-016 0.99999999999999989 2.9075252947451113e-016 -1 1.6826817716975029e-016 0 0 -3.2145916787837403e-016 0.99999999999999978</Rotation>
<Translation>0.0020000000000000018 -0.025949999999999973 0.00099999999999988987</Translation>
</Transform>
</Instance>
<Instance name="Axle-1" uid="Axle-1" grounded="true" entityUid="Axle*:*Default">
<Transform>
<Rotation>1 0 0 0 1 0 0 0 1</Rotation>
<Translation>0 0 0</Translation>
</Transform>
</Instance>
<Instance name="Hex-Secure-1" uid="Hex-Secure-1" entityUid="Hex-Secure*:*Default">
<Transform>
<Rotation>1 0 0 0 1 0 0 0 1</Rotation>
<Translation>0 -0.029499999999999971 0.00099999999999988987</Translation>
</Transform>
</Instance>
<Instance name="Green-Gear-1" uid="Green-Gear-1" entityUid="Green-Gear*:*Default">
<Transform>
<Rotation>1 0 0 0 1 0 0 0 1</Rotation>
<Translation>0 -0.031999999999999973 0.00099749999999998451</Translation>
</Transform>
</Instance>
</Instance>
<Instance name="Box-Part-3-1" uid="Box-Part-3-1" entityUid="Box-Part-3*:*Default">
<Transform>
<Rotation>1 0 0 0 1 0 0 0 1</Rotation>
<Translation>0.021422752502171183 0.0048372146573107955 0.046454211198158402</Translation>
</Transform>
</Instance>
<Instance name="Box-Part-1-1" uid="Box-Part-1-1" entityUid="Box-Part-1*:*Default">
<Transform>
<Rotation>1 0 0 0 1 0 0 0 1</Rotation>
<Translation>0.021422752502257919 0.044337214657310775 0.035793982373696354</Translation>
</Transform>
</Instance>
<Instance name="9-6-1-1" uid="9-6-1-1" entityUid="9-6-1*:*Default">
<Transform>
<Rotation>1 0 0 0 1 0 0 0 1</Rotation>
<Translation>0.010022752502171162 0.039337214657310771 0.054234211198158522</Translation>
</Transform>
</Instance>
<Instance name="MotorAxle-MotorGear-1" uid="MotorAxle-MotorGear-1" entityUid="MotorAxle-MotorGear">
<Transform>
<Rotation>-0.99987698539832282 -2.5413747407128656e-016 0.015684835694464529 2.593682647128448e-016 -1 1.1275702593849246e-016 0.015684835694464532 1.1449174941446927e-016 0.99987698539832259</Rotation>
<Translation>0.013172574371262596 0.03810174217546014 0.0099414565216099371</Translation>
</Transform>
<Instance name="Motor-Axle-1" uid="Motor-Axle-1" grounded="true" entityUid="Motor-Axle*:*Default">
<Transform>
<Rotation>-0.11475475037738768 0 -0.99339385304411043 0 0.99999999999999989 0 0.99339385304411021 0 -0.11475475037738765</Rotation>
<Translation>-0.0079260124165770052 0.016264527518149385 0.020729622925321989</Translation>
</Transform>
</Instance>
<Instance name="Motor-Gear-1" uid="Motor-Gear-1" entityUid="Motor-Gear*:*Default">
<Transform>
<Rotation>-0.11475475037738768 0 -0.99339385304411043 0 0.99999999999999989 0 0.99339385304411021 0 -0.11475475037738765</Rotation>
<Translation>-0.0079260124165770607 0.02588952751814938 0.020729622925321878</Translation>
</Transform>
</Instance>
</Instance>
<Instance name="9-7-1-1" uid="9-7-1-1" entityUid="9-7-1*:*Default">
<Transform>
<Rotation>-1 0 0 0 -1 0 0 0 0.99999999999999989</Rotation>
<Translation>0.032822752502171176 0.018437214657310796 0.06415421119815834</Translation>
</Transform>
</Instance>
<Instance name="9-7-1-3" uid="9-7-1-3" entityUid="9-7-1*:*Default">
<Transform>
<Rotation>-1 0 0 0 -1 0 0 0 1</Rotation>
<Translation>0.032822752502171149 0.018437214657310796 0.028754211198158353</Translation>
</Transform>
</Instance>
</Instance>
<Instance name="10-1-1-10" uid="10-1-1-10" entityUid="10-1-1*:*Default">
<Transform>
<Rotation>1 0 0 0 1 0 0 0 1</Rotation>
<Translation>0.02500000000000091 -0.02987999999999999 -0.02334999999999976</Translation>
</Transform>
</Instance>
<Instance name="Left-High-Speed-Gear-Box-8-4" uid="Left-High-Speed-Gear-Box-8-4" entityUid="Left-High-Speed-Gear-Box-8">
<Transform>
<Rotation>0 -1.0000000000000002 0 -1 0 0 0 0 -0.99999999999999989</Rotation>
<Translation>-0.016165285342688129 -0.0058272474978288413 0.052756711198158501</Translation>
</Transform>
<Instance name="MotorAxle-MotorGear-1" uid="MotorAxle-MotorGear-1" entityUid="MotorAxle-MotorGear">
<Transform>
<Rotation>-0.97258951798292759 -1.1296985565136281e-016 -0.23252877135902281 0 -1 1.2836953722228372e-016 -0.23252877135902286 1.0061396160665481e-016 0.97258951798292737</Rotation>
<Translation>0.018534229655965712 0.038101742175460251 0.0085397713002489661</Translation>
</Transform>
<Instance name="Motor-Axle-1" uid="Motor-Axle-1" grounded="true" entityUid="Motor-Axle*:*Default">
<Transform>
<Rotation>-0.11475475037738771 0 -0.99339385304411021 0 0.99999999999999989 0 0.99339385304411032 0 -0.11475475037738769</Rotation>
<Translation>-0.0079260124165770086 0.016264527518149385 0.020729622925321878</Translation>
</Transform>
</Instance>
<Instance name="Motor-Gear-1" uid="Motor-Gear-1" entityUid="Motor-Gear*:*Default">
<Transform>
<Rotation>-0.11475475037738771 0 -0.99339385304411021 0 0.99999999999999989 0 0.99339385304411032 0 -0.11475475037738769</Rotation>
<Translation>-0.0079260124165770052 0.02588952751814938 0.020729622925321878</Translation>
</Transform>
</Instance>
</Instance>
<Instance name="Box-Part-1-1" uid="Box-Part-1-1" entityUid="Box-Part-1*:*Default">
<Transform>
<Rotation>1 0 0 0 1 0 0 0 1</Rotation>
<Translation>0.021422752502171044 0.044337214657310886 0.035793982397964941</Translation>
</Transform>
</Instance>
<Instance name="Box-Part-3-1" uid="Box-Part-3-1" entityUid="Box-Part-3*:*Default">
<Transform>
<Rotation>1 0 0 0 1 0 0 0 1</Rotation>
<Translation>0.021422752502171127 0.004837214657310851 0.046454211198158513</Translation>
</Transform>
</Instance>
<Instance name="Red-Gear-1" uid="Red-Gear-1" entityUid="Red-Gear*:*Default">
<Transform>
<Rotation>-0.27479455968358396 4.5574738997111589e-016 0.96150296409751401 1.1622647289044608e-016 1.0000000000000002 -4.4539025245704522e-016 -0.96150296409751423 0 -0.27479455968358391</Rotation>
<Translation>0.025772752502170149 0.0077572146573108292 0.040154211198158651</Translation>
</Transform>
</Instance>
<Instance name="LeftMotor-Axle-GreenGear-HexSecure-1" uid="LeftMotor-Axle-GreenGear-HexSecure-1" entityUid="LeftMotor-Axle-GreenGear-HexSecure">
<Transform>
<Rotation>-0.98627489602414964 0 0.1651115667436811 0 1 0 -0.16511156674368105 0 -0.98627489602414931</Rotation>
<Translation>0.021257640935427313 0.048867214657301539 0.053740486094182693</Translation>
</Transform>
<Instance name="Axle-Secure-2" uid="Axle-Secure-2" entityUid="Axle-Secure*:*Default">
<Transform>
<Rotation>1.3921155894713877e-016 1 4.6628147306812519e-016 -0.99999999999999989 1.3921155894713879e-016 0 0 -4.6628147306812529e-016 0.99999999999999989</Rotation>
<Translation>0.0020000000000000365 -0.032530000000000003 0.0010000000000000009</Translation>
</Transform>
</Instance>
<Instance name="Green-Gear-1" uid="Green-Gear-1" entityUid="Green-Gear*:*Default">
<Transform>
<Rotation>1 0 0 0 1 0 0 0 1</Rotation>
<Translation>0 -0.038579999999999948 0.0010024999999997952</Translation>
</Transform>
</Instance>
<Instance name="Hex-Secure-1" uid="Hex-Secure-1" entityUid="Hex-Secure*:*Default">
<Transform>
<Rotation>1 0 0 0 1 0 0 0 1</Rotation>
<Translation>0 -0.036080000000000001 0.00099999999999988987</Translation>
</Transform>
</Instance>
<Instance name="Axle-1" uid="Axle-1" grounded="true" entityUid="Axle*:*Default">
<Transform>
<Rotation>1 0 0 0 1 0 0 0 1</Rotation>
<Translation>0 0 0</Translation>
</Transform>
</Instance>
</Instance>
<Instance name="Box-Part-2-1" uid="Box-Part-2-1" grounded="true" entityUid="Box-Part-2*:*Default">
<Transform>
<Rotation>1 0 0 0 1 0 0 0 1</Rotation>
<Translation>0.021422752502171155 0.02028721465731087 0.040754211198158474</Translation>
</Transform>
</Instance>
<Instance name="Motor-1" uid="Motor-1" entityUid="Motor*:*Default">
<Transform>
<Rotation>-1 0 -1.6651928182835428e-016 0 -1.0000000000000002 0 -1.6654762555919724e-016 0 0.99999999999999989</Rotation>
<Translation>0.021422752502171183 0.044337214657310831 0.030544211198158533</Translation>
</Transform>
</Instance>
<Instance name="9-6-1-3" uid="9-6-1-3" entityUid="9-6-1*:*Default">
<Transform>
<Rotation>1 0 0 0 1 0 0 0 1</Rotation>
<Translation>0.010022752502171162 0.039337214657310826 0.017354211198158387</Translation>
</Transform>
</Instance>
<Instance name="9-6-1-1" uid="9-6-1-1" entityUid="9-6-1*:*Default">
<Transform>
<Rotation>1 0 0 0 1 0 0 0 1</Rotation>
<Translation>0.010022752502171162 0.039337214657310826 0.054234211198158411</Translation>
</Transform>
</Instance>
<Instance name="9-7-1-4" uid="9-7-1-4" entityUid="9-7-1*:*Default">
<Transform>
<Rotation>-1 0 0 0 -1.0000000000000002 0 0 0 0.99999999999999989</Rotation>
<Translation>0.010022752502171134 0.018437214657310852 0.06415421119815834</Translation>
</Transform>
</Instance>
<Instance name="9-6-1-2" uid="9-6-1-2" entityUid="9-6-1*:*Default">
<Transform>
<Rotation>1 0 0 0 1 0 0 0 1</Rotation>
<Translation>0.032822752502171149 0.039337214657310882 0.043734211198158346</Translation>
</Transform>
</Instance>
<Instance name="9-7-1-1" uid="9-7-1-1" entityUid="9-7-1*:*Default">
<Transform>
<Rotation>-1 0 0 0 -1 0 0 0 0.99999999999999989</Rotation>
<Translation>0.032822752502171149 0.018437214657310852 0.06415421119815834</Translation>
</Transform>
</Instance>
<Instance name="9-7-1-2" uid="9-7-1-2" entityUid="9-7-1*:*Default">
<Transform>
<Rotation>-1 0 0 0 -1.0000000000000002 0 0 0 0.99999999999999989</Rotation>
<Translation>0.010022752502171134 0.018437214657310852 0.032454211198158389</Translation>
</Transform>
</Instance>
<Instance name="9-7-1-3" uid="9-7-1-3" entityUid="9-7-1*:*Default">
<Transform>
<Rotation>-1 0 0 0 -1 0 0 0 1</Rotation>
<Translation>0.032822752502171149 0.018437214657310796 0.028754211198158353</Translation>
</Transform>
</Instance>
</Instance>
<Instance name="9-3-1-12" uid="9-3-1-12" entityUid="9-3-1*:*Default">
<Transform>
<Rotation>1.0000000000000002 0 0 0 -1 0 0 0 -0.99999999999999989</Rotation>
<Translation>0.019999999999999962 -0.0062500000000000056 0.011650000000000049</Translation>
</Transform>
</Instance>
<Instance name="10-1-1-12" uid="10-1-1-12" entityUid="10-1-1*:*Default">
<Transform>
<Rotation>1 0 0 0 1 0 0 0 1</Rotation>
<Translation>0.019999999999999962 -0.0098000000000000309 0.01165000000000016</Translation>
</Transform>
</Instance>
<Instance name="5-1-1-1" uid="5-1-1-1" entityUid="5-1-1*:*Default">
<Transform>
<Rotation>1 0 0 0 1 0 0 0 1</Rotation>
<Translation>-0.034999999999999976 -0.010000000000000009 0.026650000000000063</Translation>
</Transform>
</Instance>
<Instance name="5-1-1-2" uid="5-1-1-2" entityUid="5-1-1*:*Default">
<Transform>
<Rotation>-1 -1.2403832780674111e-016 -1.3877787807814457e-016 -1.2232970223143113e-016 1 0 1.3704315460216776e-016 0 -0.99999999999999989</Rotation>
<Translation>0.035000000000000031 -0.010000000000000009 0.026650000000000174</Translation>
</Transform>
</Instance>
<Instance name="5-1-1-3" uid="5-1-1-3" entityUid="5-1-1*:*Default">
<Transform>
<Rotation>1 0 0 0 1 0 0 0 1</Rotation>
<Translation>-0.035000000000000031 -0.0099999999999999811 -0.0033499999999998531</Translation>
</Transform>
</Instance>
<Instance name="9-3-1-14" uid="9-3-1-14" entityUid="9-3-1*:*Default">
<Transform>
<Rotation>1 0 -1.3877787807814457e-016 0 -1 -1.3771571221813179e-016 -1.3704315460216776e-016 1.3770154016959819e-016 -0.99999999999999989</Rotation>
<Translation>-0.03499999999999992 -0.0042500000000000038 0.026650000000000063</Translation>
</Transform>
</Instance>
<Instance name="9-3-1-15" uid="9-3-1-15" entityUid="9-3-1*:*Default">
<Transform>
<Rotation>1 1.7343082062068798e-016 -1.3877787807814457e-016 1.717221950453778e-016 -1 0 -1.3704315460216776e-016 0 -0.99999999999999989</Rotation>
<Translation>0.035000000000000031 -0.0042500000000000038 0.026650000000000174</Translation>
</Transform>
</Instance>
<Instance name="10-1-1-13" uid="10-1-1-13" entityUid="10-1-1*:*Default">
<Transform>
<Rotation>1 0 0 0 1 0 0 0 1</Rotation>
<Translation>-0.035000000000000087 0.0019500000000000073 -0.0033499999999998531</Translation>
</Transform>
</Instance>
<Instance name="Back-Wheel-1" uid="Back-Wheel-1" entityUid="Back-Wheel" rigid="true">
<Transform>
<Rotation>1.4942474341195222e-015 1 1.6878859421254333e-015 -0.98627489602414964 1.750659190253244e-015 -0.16511156674368108 -0.16511156674368108 -1.4172690798730514e-015 0.98627489602414953</Rotation>
<Translation>-0.082232499999998987 -0.027249999999999996 2.5000000016817125e-006</Translation>
</Transform>
<Instance name="11-0-1-1" uid="11-0-1-1" entityUid="11-0-1*:*Default">
<Transform>
<Rotation>1 0 0 0 1 0 0 0 1</Rotation>
<Translation>0 0 0</Translation>
</Transform>
</Instance>
<Instance name="11-2-1-2" uid="11-2-1-2" entityUid="11-2-1*:*Default">
<Transform>
<Rotation>1 0 0 0 -0.99999999999999989 0 0 0 -1.0000000000000002</Rotation>
<Translation>0 0 0</Translation>
</Transform>
</Instance>
<Instance name="11-0-1-5" uid="11-0-1-5" entityUid="11-0-1*:*Default">
<Transform>
<Rotation>1 0 0 0 -0.99999999999999989 0 0 0 -1.0000000000000002</Rotation>
<Translation>0 0 0</Translation>
</Transform>
</Instance>
<Instance name="11-2-1-1" uid="11-2-1-1" entityUid="11-2-1*:*Default">
<Transform>
<Rotation>1 0 0 0 1 0 0 0 1</Rotation>
<Translation>0 0 0</Translation>
</Transform>
</Instance>
</Instance>
<Instance name="10-1-1-15" uid="10-1-1-15" entityUid="10-1-1*:*Default">
<Transform>
<Rotation>1 0 0 0 1 0 0 0 1</Rotation>
<Translation>0.035000000000000087 0.0019500000000000073 0.026650000000000174</Translation>
</Transform>
</Instance>
<Instance name="Back-Wheel-2" uid="Back-Wheel-2" entityUid="Back-Wheel" rigid="true">
<Transform>
<Rotation>4.0158848468863084e-016 -1.0000000000000002 0 0.98207492070201696 4.1135138144985388e-016 -0.18849098155648483 0.18849098155648489 0 0.98207492070201696</Rotation>
<Translation>0.082252500000001061 -0.027250000000000052 -9.795770844545082e-005</Translation>
</Transform>
<Instance name="11-0-1-1" uid="11-0-1-1" entityUid="11-0-1*:*Default">
<Transform>
<Rotation>1 0 0 0 1 0 0 0 1</Rotation>
<Translation>0 0 0</Translation>
</Transform>
</Instance>
<Instance name="11-2-1-2" uid="11-2-1-2" entityUid="11-2-1*:*Default">
<Transform>
<Rotation>1 0 0 0 -1.0000000000000002 0 0 0 -0.99999999999999989</Rotation>
<Translation>0 0 0</Translation>
</Transform>
</Instance>
<Instance name="11-0-1-5" uid="11-0-1-5" entityUid="11-0-1*:*Default">
<Transform>
<Rotation>1 0 0 0 -1.0000000000000002 0 0 0 -0.99999999999999989</Rotation>
<Translation>0 0 0</Translation>
</Transform>
</Instance>
<Instance name="11-2-1-1" uid="11-2-1-1" entityUid="11-2-1*:*Default">
<Transform>
<Rotation>1 0 0 0 1 0 0 0 1</Rotation>
<Translation>0 0 0</Translation>
</Transform>
</Instance>
</Instance>
<Instance name="4-1" uid="4-1" entityUid="4" rigid="true">
<Transform>
<Rotation>0.99997155906295432 -0.0073453677062851807 0.0017107420799761484 0.007522437870442795 0.98769397383043578 -0.15621788305929601 -0.00054221184980259539 0.15622630902732748 0.98772113796051142</Rotation>
<Translation>-0.040481787635573696 -0.10251690687147044 -0.28257784184070645</Translation>
</Transform>
<Instance name="4-0-1-1" uid="4-0-1-1" grounded="true" entityUid="4-0-1*:*Default">
<Transform>
<Rotation>0.00054221184981431865 0.007522437870442651 0.99997155906295421 -0.15622630902732565 0.98769397383043633 -0.0073453677062832031 -0.98772113796051186 -0.1562178830592941 0.0017107420799876913</Rotation>
<Translation>0.04110192844362065 0.11180403458481195 0.11823518971857683</Translation>
</Transform>
</Instance>
<Instance name="9-3-1-14" uid="9-3-1-14" entityUid="9-3-1*:*Default">
<Transform>
<Rotation>0.0005422118498139266 -0.0075224378704424454 -0.9999715590629541 -0.15622630902732415 -0.98769397383043622 0.0073453677062830678 -0.98772113796051197 0.15621788305929263 -0.0017107420799872565</Rotation>
<Translation>0.046169488179769402 0.12065655351075445 0.11683778248144294</Translation>
</Transform>
</Instance>
<Instance name="9-3-1-15" uid="9-3-1-15" entityUid="9-3-1*:*Default">
<Transform>
<Rotation>-0.00054221184981418518 -0.0075224378704438471 0.99997155906295421 0.15622630902732407 -0.98769397383043622 -0.0073453677062844131 0.98772113796051209 0.15621788305929252 0.0017107420799877303</Rotation>
<Translation>0.036169772589139948 0.12073000718781726 0.1168206750606432</Translation>
</Transform>
</Instance>
<Instance name="4-1-1-1" uid="4-1-1-1" entityUid="4-1-1*:*Default">
<Transform>
<Rotation>0.99997155906295421 0.0075224378704447144 -0.00054221184981559844 -0.0073453677062850524 0.98769397383043656 0.1562263090273221 0.0017107420799892471 -0.15621788305929055 0.98772113796051242</Rotation>
<Translation>0.041153215853265535 0.10728083770290792 0.068835285269589264</Translation>
</Transform>
</Instance>
<Instance name="10-1-1-2" uid="10-1-1-2" entityUid="10-1-1*:*Default">
<Transform>
<Rotation>-0.00054221184981368374 0.0075224378704429051 -0.99997155906295432 0.15622630902732479 0.98769397383043622 0.0073453677062835614 0.98772113796051175 -0.15621788305929324 -0.001710742079987098</Rotation>
<Translation>0.036152470982037888 0.11845831104800719 0.11717997619167952</Translation>
</Transform>
</Instance>
<Instance name="4-3-1-1" uid="4-3-1-1" entityUid="4-3-1*:*Default">
<Transform>
<Rotation>0.00054221184981230648 0.0075224378704452453 0.99997155906295421 -0.15622630902732554 0.987693973830436 -0.0073453677062860845 -0.98772113796051186 -0.15621788305929399 0.001710742079986104</Rotation>
<Translation>0.040988924770937019 0.091190252452852658 0.095779817122057853</Translation>
</Transform>
</Instance>
<Instance name="9-3-1-8" uid="9-3-1-8" entityUid="9-3-1*:*Default">
<Transform>
<Rotation>-0.00054221184981385721 -0.007522437870443625 0.99997155906295443 0.15622630902732637 -0.987693973830436 -0.0073453677062842405 0.98772113796051164 0.15621788305929482 0.0017107420799873947</Rotation>
<Translation>0.046196598772260178 0.11284523805938819 0.067451725583417499</Translation>
</Transform>
</Instance>
<Instance name="4-2-1-1" uid="4-2-1-1" entityUid="4-2-1*:*Default">
<Transform>
<Rotation>-0.00054221184981431865 0.007522437870442651 -0.99997155906295421 0.15622630902732565 0.98769397383043633 0.0073453677062832031 0.98772113796051186 -0.1562178830592941 -0.0017107420799876913</Rotation>
<Translation>0.051117958779581918 0.11728398095810791 0.13256040608884156</Translation>
</Transform>
</Instance>
<Instance name="4-2-1-2" uid="4-2-1-2" entityUid="4-2-1*:*Default">
<Transform>
<Rotation>-0.00054221184981322057 -0.0075224378704431428 0.99997155906295443 0.15622630902732565 -0.98769397383043611 -0.0073453677062838667 0.98772113796051175 0.15621788305929407 0.0017107420799866834</Rotation>
<Translation>0.031142975521401772 0.12064089372718245 0.13201848312729925</Translation>
</Transform>
</Instance>
<Instance name="9-3-1-9" uid="9-3-1-9" entityUid="9-3-1*:*Default">
<Transform>
<Rotation>-0.00054221184981392487 -0.0075224378704443198 0.99997155906295421 0.15622630902732504 -0.98769397383043611 -0.0073453677062849188 0.98772113796051186 0.15621788305929352 0.001710742079987556</Rotation>
<Translation>0.036196883181630612 0.11291869173645097 0.067434618162617532</Translation>
</Transform>
</Instance>
<Instance name="10-1-1-1" uid="10-1-1-1" entityUid="10-1-1*:*Default">
<Transform>
<Rotation>-0.99997155906295421 0.0075224378704447032 0.00054221184981581485 0.007345367706285009 0.98769397383043667 -0.15622630902732157 -0.0017107420799894553 -0.15621788305929002 -0.98772113796051253</Rotation>
<Translation>0.036179581574528497 0.11064699559664071 0.067793919293654414</Translation>
</Transform>
</Instance>
<Instance name="10-1-1-3" uid="10-1-1-3" entityUid="10-1-1*:*Default">
<Transform>
<Rotation>-0.00054221184981486173 0.0075224378704439234 -0.99997155906295432 0.15622630902732451 0.98769397383043622 0.0073453677062843828 0.98772113796051209 -0.15621788305929296 -0.0017107420799884138</Rotation>
<Translation>0.046152186572667397 0.11838485737094441 0.11719708361247938</Translation>
</Transform>
</Instance>
<Instance name="10-1-1-5" uid="10-1-1-5" entityUid="10-1-1*:*Default">
<Transform>
<Rotation>-0.99997155906295421 0.0075224378704435947 0.00054221184981585865 0.0073453677062839014 0.98769397383043622 -0.15622630902732462 -0.0017107420799893477 -0.15621788305929307 -0.98772113796051209</Rotation>
<Translation>0.046179297165158062 0.11057354191957809 0.067811026714453826</Translation>
</Transform>
</Instance>
</Instance>
<Instance name="10-1-1-16" uid="10-1-1-16" entityUid="10-1-1*:*Default">
<Transform>
<Rotation>1 0 0 0 1 0 0 0 1</Rotation>
<Translation>-0.034999999999999976 0.0019500000000000073 0.026650000000000063</Translation>
</Transform>
</Instance>
<Instance name="1-2-3-1" uid="1-2-3-1" entityUid="1-2-3" rigid="true">
<Transform>
