<?xml version="1.0" encoding="UTF-8" standalone="no" ?>
<SimMechanicsImportXML version="1.0" xmlns="urn:mathworks:simmechanics:import" xmlns:xsi="http://www.w3.org/2001/XMLSchema-instance">
<Created by="" on="11/06/15||09:52:27" using="SimMechanics Link Version 4.4" from="SolidWorks 23.2.0"/>
<ModelUnits mass="kilogram" length="millimeter"/>
<DataUnits mass="kilogram" length="meter"/>
<RootAssembly name="Renesas-MCU-Car-Without-Screw" uid="Renesas-MCU-Car-Without-Screw" version="2249">
<AssemblyFile name="Renesas-MCU-Car-Without-Screw.SLDASM" type="SolidWorks Assembly"/>
<InstanceTree>
<Instance name="9-3-1-9" uid="9-3-1-9" entityUid="9-3-1*:*Default">
<Transform>
<Rotation>0.99977704176739179 -1.3145269103345101e-016 0.02111555717576848 -1.3338201503090293e-016 -0.99999999999999989 0 0.021115557175768483 0 -0.99977704176739168</Rotation>
<Translation>0.018130442114507924 0.048749999999999988 2.6383397631393981</Translation>
</Transform>
</Instance>
<Instance name="10-1-1-5" uid="10-1-1-5" entityUid="10-1-1*:*Default">
<Transform>
<Rotation>0.99977704176739135 4.040364807551514e-016 -0.021115557175790514 -4.2094593724564793e-016 1 -7.9636085335360482e-016 0.021115557175790514 8.0507180599736252e-016 0.99977704176739135</Rotation>
<Translation>-0.021860639556187764 0.045200000000000011 2.6374951408523675</Translation>
</Transform>
</Instance>
<Instance name="9-3-1-8" uid="9-3-1-8" entityUid="9-3-1*:*Default">
<Transform>
<Rotation>0.99977704176739168 0 0.021115557175768476 0 -1 0 0.021115557175768476 0 -0.99977704176739168</Rotation>
<Translation>-0.066850606435720369 0.04874999999999996 2.6365449407794572</Translation>
</Transform>
</Instance>
<Instance name="9-3-1-10" uid="9-3-1-10" entityUid="9-3-1*:*Default">
<Transform>
<Rotation>-0.99977704176739191 3.2481003889222047e-016 -0.021115557175768504 -3.0253907999292007e-016 -1 -1.0579125282805798e-015 -0.021115557175768504 -1.0512883767315257e-015 0.99977704176739191</Rotation>
<Translation>0.063120408994040561 0.048749999999999981 2.6392899632123075</Translation>
</Transform>
</Instance>
<Instance name="10-1-1-7" uid="10-1-1-7" entityUid="10-1-1*:*Default">
<Transform>
<Rotation>0.99977704176739146 2.0441588198100553e-016 -0.021115557175790372 -2.2128082149082515e-016 1 -7.9636085335350247e-016 0.021115557175790372 8.0085576586022731e-016 0.99977704176739146</Rotation>
<Translation>0.063120408994040561 0.04520000000000006 2.6392899632123066</Translation>
</Transform>
</Instance>
<Instance name="10-1-1-6" uid="10-1-1-6" entityUid="10-1-1*:*Default">
<Transform>
<Rotation>-0.99977704176739135 -3.0424788081219926e-016 -0.021115557175790441 3.211350836516095e-016 -1 -7.9636085335373784e-016 -0.021115557175790441 -8.0296424423172754e-016 0.99977704176739135</Rotation>
<Translation>-0.066850606435720369 0.047200000000000013 2.6365449407794572</Translation>
</Transform>
</Instance>
<Instance name="10-1-1-8" uid="10-1-1-8" entityUid="10-1-1*:*Default">
<Transform>
<Rotation>0.99977704176739146 4.0209526577830578e-016 -0.021115557175790518 -4.1900428936241838e-016 1 -7.9636085335323534e-016 0.021115557175790518 8.0503080702028386e-016 0.99977704176739146</Rotation>
<Translation>0.018130442114507938 0.045200000000000025 2.6383397631393977</Translation>
</Transform>
</Instance>
<Instance name="Right-High-Speed-Gear-Box-8-1" uid="Right-High-Speed-Gear-Box-8-1" entityUid="Right-High-Speed-Gear-Box-8">
<Transform>
<Rotation>1.8221757141335234e-016 -0.99977704218796315 0.021115537262585277 -1 -2.050087952407917e-016 -1.0771933132042868e-015 1.0812820155547713e-015 -0.021115537262585277 -0.99977704218796315</Rotation>
<Translation>0.064382577566487881 0.078422752502171261 2.6903342478952794</Translation>
</Transform>
<Instance name="Box-Part-1-1" uid="Box-Part-1-1" entityUid="Box-Part-1*:*Default">
<Transform>
<Rotation>1 0 0 0 1 0 0 0 1</Rotation>
<Translation>0.02142275248248466 0.044337214657312329 0.035793982399679791</Translation>
</Transform>
</Instance>
<Instance name="Motor-1" uid="Motor-1" entityUid="Motor*:*Default">
<Transform>
<Rotation>0.088013681263381868 -1.0449321787516682e-015 0.99611926590668243 9.1593399531575415e-016 -0.99999999999999989 -9.5648315656671201e-016 0.99611926590668243 8.1185058675714572e-016 -0.088013681263381993</Rotation>
<Translation>0.021422752482479525 0.044337214657204846 0.03054421119987305</Translation>
</Transform>
</Instance>
<Instance name="Red-Gear-1" uid="Red-Gear-1" entityUid="Red-Gear*:*Default">
<Transform>
<Rotation>-0.93098849644877135 5.0109013035690138e-016 0.36504851661122512 8.5192269905220996e-015 1 2.0354040239446309e-014 -0.36504851661122512 2.2059308494744319e-014 -0.93098849644877135</Rotation>
<Translation>0.025772752098749671 0.0077372146164184641 0.040154211258242256</Translation>
</Transform>
</Instance>
<Instance name="Box-Part-3-1" uid="Box-Part-3-1" entityUid="Box-Part-3*:*Default">
<Transform>
<Rotation>1 0 0 0 1 0 0 0 1</Rotation>
<Translation>0.021422752482484014 0.004837214657310851 0.046454211199870254</Translation>
</Transform>
</Instance>
<Instance name="RightMotor-Axle-GreenGear-HexSecure-1" uid="RightMotor-Axle-GreenGear-HexSecure-1" entityUid="RightMotor-Axle-GreenGear-HexSecure">
<Transform>
<Rotation>-0.98883935104433529 0 0.14898569671689257 0 1.0000000000000002 1.8735013540549517e-016 -0.14898569671689252 1.7694179454963432e-016 -0.98883935104433518</Rotation>
<Translation>0.021273766671614021 0.042287214547319651 0.053743050945066262</Translation>
</Transform>
<Instance name="Axle-1" uid="Axle-1" grounded="true" entityUid="Axle*:*Default">
<Transform>
<Rotation>1 0 0 0 1 0 0 0 1</Rotation>
<Translation>0 0 0</Translation>
</Transform>
</Instance>
<Instance name="Green-Gear-1" uid="Green-Gear-1" entityUid="Green-Gear*:*Default">
<Transform>
<Rotation>1 0 0 0 1 0 0 0 1</Rotation>
<Translation>-1.2439355101534488e-010 -0.032000000009446625 0.00099750019770450393</Translation>
</Transform>
</Instance>
<Instance name="Hex-Secure-1" uid="Hex-Secure-1" entityUid="Hex-Secure*:*Default">
<Transform>
<Rotation>1 0 0 0 1 0 0 0 1</Rotation>
<Translation>-1.2439349550419365e-010 -0.029500000009446622 0.0010000001977039652</Translation>
</Transform>
</Instance>
<Instance name="Axle-Secure-2" uid="Axle-Secure-2" entityUid="Axle-Secure*:*Default">
<Transform>
<Rotation>1.6609977282477928e-016 0.99999999999999989 2.7755575615628914e-016 -1.0000000000000002 1.6913553890773869e-016 0 0 -2.7755575615628914e-016 0.99999999999999989</Rotation>
<Translation>0.0019999998756063397 -0.025950000009446708 0.0010000001977035211</Translation>
</Transform>
</Instance>
</Instance>
<Instance name="Box-Part-2-1" uid="Box-Part-2-1" grounded="true" entityUid="Box-Part-2*:*Default">
<Transform>
<Rotation>1 0 0 0 1 0 0 0 1</Rotation>
<Translation>0.021422752502171155 0.020287214657310815 0.040754211198158252</Translation>
</Transform>
</Instance>
<Instance name="MotorAxle-MotorGear-1" uid="MotorAxle-MotorGear-1" entityUid="MotorAxle-MotorGear">
<Transform>
<Rotation>-0.74294787293793263 -1.2270588073257028e-015 0.66934927959698409 1.6688039838896884e-015 -0.99999999999999989 0 0.6693492795969842 1.1345091532888318e-015 0.74294787293793252</Rotation>
<Translation>0.0016587802469693325 0.038101742178039355 0.020448452743330847</Translation>
</Transform>
<Instance name="Motor-Gear-1" uid="Motor-Gear-1" entityUid="Motor-Gear*:*Default">
<Transform>
<Rotation>-0.11475475037738775 0 -0.99339385304411043 0 0.99999999999999989 0 0.99339385304411021 0 -0.11475475037738764</Rotation>
<Translation>-0.0079260124782871699 0.025889527561680142 0.020729622977357476</Translation>
</Transform>
</Instance>
<Instance name="Motor-Axle-1" uid="Motor-Axle-1" grounded="true" entityUid="Motor-Axle*:*Default">
<Transform>
<Rotation>-0.11475475037738775 0 -0.99339385304411043 0 0.99999999999999989 0 0.99339385304411021 0 -0.11475475037738764</Rotation>
<Translation>-0.0079260124165771995 0.016264527518149399 0.020729622925321767</Translation>
</Transform>
</Instance>
</Instance>
<Instance name="9-6-1-1" uid="9-6-1-1" entityUid="9-6-1*:*Default">
<Transform>
<Rotation>1 0 0 0 1 0 0 0 1</Rotation>
<Translation>0.010022752482483979 0.039337214657310854 0.054234211199870597</Translation>
</Transform>
</Instance>
<Instance name="9-6-1-3" uid="9-6-1-3" entityUid="9-6-1*:*Default">
<Transform>
<Rotation>1 0 0 0 1 0 0 0 1</Rotation>
<Translation>0.010022752482484007 0.039337214657310868 0.017354211199871017</Translation>
</Transform>
</Instance>
<Instance name="9-7-1-1" uid="9-7-1-1" entityUid="9-7-1*:*Default">
<Transform>
<Rotation>-1 0 0 0 -0.99999999999999989 0 0 0 0.99999999999999989</Rotation>
<Translation>0.032822752482484008 0.018437214657310852 0.064154211199870304</Translation>
</Transform>
</Instance>
<Instance name="9-6-1-2" uid="9-6-1-2" entityUid="9-6-1*:*Default">
<Transform>
<Rotation>1 0 0 0 1 0 0 0 1</Rotation>
<Translation>0.032822752482484015 0.039337214657310854 0.043734211199871087</Translation>
</Transform>
</Instance>
<Instance name="9-7-1-3" uid="9-7-1-3" entityUid="9-7-1*:*Default">
<Transform>
<Rotation>-1 0 -1.1102230262154094e-016 0 -0.99999999999999989 0 0 0 1.0000000000000002</Rotation>
<Translation>0.032822752482484015 0.018437214657310852 0.02875421119987065</Translation>
</Transform>
</Instance>
<Instance name="9-7-1-2" uid="9-7-1-2" entityUid="9-7-1*:*Default">
<Transform>
<Rotation>-1 0 0 0 -0.99999999999999989 0 0 0 0.99999999999999989</Rotation>
<Translation>0.010022752482483993 0.018437214657310852 0.032454211199870464</Translation>
</Transform>
</Instance>
<Instance name="9-7-1-4" uid="9-7-1-4" entityUid="9-7-1*:*Default">
<Transform>
<Rotation>-1 0 0 0 -0.99999999999999989 0 0 0 0.99999999999999989</Rotation>
<Translation>0.010022752482484007 0.018437214657310852 0.064154211199870304</Translation>
</Transform>
</Instance>
</Instance>
<Instance name="Left-High-Speed-Gear-Box-8-4" uid="Left-High-Speed-Gear-Box-8-4" entityUid="Left-High-Speed-Gear-Box-8">
<Transform>
<Rotation>0 -0.99977704176739135 0.021115557175790691 -1 0 -2.6155775047107388e-016 2.6008039338468651e-016 -0.021115557175790691 -0.99977704176739135</Rotation>
<Translation>-0.019105926562450852 0.078422752502171178 2.6886714295251211</Translation>
</Transform>
<Instance name="9-7-1-1" uid="9-7-1-1" entityUid="9-7-1*:*Default">
<Transform>
<Rotation>-1 0 -1.3183898420318932e-016 0 -1.0000000000000002 0 -1.3183898370131685e-016 0 1.0000000000000002</Rotation>
<Translation>0.032822752502171516 0.018437214657310831 0.06415421119815834</Translation>
</Transform>
</Instance>
<Instance name="9-6-1-2" uid="9-6-1-2" entityUid="9-6-1*:*Default">
<Transform>
<Rotation>1 0 0 0 1 0 0 0 1</Rotation>
<Translation>0.032822752502169317 0.03933721465731084 0.043734211198158235</Translation>
</Transform>
</Instance>
<Instance name="9-7-1-4" uid="9-7-1-4" entityUid="9-7-1*:*Default">
<Transform>
<Rotation>-1 0 -1.3877787785616051e-016 0 -1.0000000000000002 0 -1.387778776052243e-016 0 1.0000000000000002</Rotation>
<Translation>0.010022752502171509 0.018437214657310838 0.06415421119815834</Translation>
</Transform>
</Instance>
<Instance name="9-7-1-3" uid="9-7-1-3" entityUid="9-7-1*:*Default">
<Transform>
<Rotation>-1 0 0 0 -1.0000000000000002 0 0 0 1.0000000000000002</Rotation>
<Translation>0.032822752502171523 0.018437214657310831 0.028754211198158242</Translation>
</Transform>
</Instance>
<Instance name="9-6-1-3" uid="9-6-1-3" entityUid="9-6-1*:*Default">
<Transform>
<Rotation>1 0 0 0 1 0 0 0 1</Rotation>
<Translation>0.010022752502171522 0.039337214657310847 0.017354211198158609</Translation>
</Transform>
</Instance>
<Instance name="9-7-1-2" uid="9-7-1-2" entityUid="9-7-1*:*Default">
<Transform>
<Rotation>-1 0 -1.0916480088221907e-016 0 -1.0000000000000002 0 -1.0916480063128281e-016 0 1.0000000000000002</Rotation>
<Translation>0.010022752502171522 0.018437214657310838 0.0324542111981585</Translation>
</Transform>
</Instance>
<Instance name="Box-Part-2-1" uid="Box-Part-2-1" grounded="true" entityUid="Box-Part-2*:*Default">
<Transform>
<Rotation>1 0 0 0 1 0 0 0 1</Rotation>
<Translation>0.021422752502171162 0.020287214657310836 0.040754211198158252</Translation>
</Transform>
</Instance>
<Instance name="LeftMotor-Axle-GreenGear-HexSecure-1" uid="LeftMotor-Axle-GreenGear-HexSecure-1" entityUid="LeftMotor-Axle-GreenGear-HexSecure">
<Transform>
<Rotation>-0.9862741350769364 -3.9769091348296505e-016 0.1651161121097548 -3.7990444123892075e-016 1.0000000000000002 1.3530843112619095e-016 -0.16511611210975485 0 -0.98627413507693662</Rotation>
<Translation>0.021257635792058513 0.048867214655271232 0.05374048346046445</Translation>
</Transform>
<Instance name="Axle-Secure-2" uid="Axle-Secure-2" entityUid="Axle-Secure*:*Default">
<Transform>
<Rotation>0 1 0 -1 0 -1.2490009027033011e-016 -1.2490009027033011e-016 0 1.0000000000000002</Rotation>
<Translation>0.0019999999999987805 -0.032530000000000385 0.001000000000000334</Translation>
</Transform>
</Instance>
<Instance name="Hex-Secure-1" uid="Hex-Secure-1" entityUid="Hex-Secure*:*Default">
<Transform>
<Rotation>1 0 0 0 1 0 0 0 1</Rotation>
<Translation>-8.3266726846886741e-016 -0.03608000000000032 0.001000000000000334</Translation>
</Transform>
</Instance>
<Instance name="Axle-1" uid="Axle-1" grounded="true" entityUid="Axle*:*Default">
<Transform>
<Rotation>1 0 0 0 1 0 0 0 1</Rotation>
<Translation>0 0 0</Translation>
</Transform>
</Instance>
<Instance name="Green-Gear-1" uid="Green-Gear-1" entityUid="Green-Gear*:*Default">
<Transform>
<Rotation>1 0 0 0 1 0 0 0 1</Rotation>
<Translation>0 -0.038580000000000322 0.0010025000000002393</Translation>
</Transform>
</Instance>
</Instance>
<Instance name="Box-Part-1-1" uid="Box-Part-1-1" entityUid="Box-Part-1*:*Default">
<Transform>
<Rotation>1 0 0 0 1 0 0 0 1</Rotation>
<Translation>0.02142275250250144 0.044337214657643474 0.035793982397966495</Translation>
</Transform>
</Instance>
<Instance name="Red-Gear-1" uid="Red-Gear-1" entityUid="Red-Gear*:*Default">
<Transform>
<Rotation>-0.27481918456548055 0 0.96149592604168865 2.9837243786801077e-016 1 0 -0.96149592604168865 2.9897558336818869e-016 -0.27481918456548055</Rotation>
<Translation>0.025772752502169295 0.0077372143963968937 0.040154211203883516</Translation>
</Transform>
</Instance>
<Instance name="MotorAxle-MotorGear-1" uid="MotorAxle-MotorGear-1" entityUid="MotorAxle-MotorGear">
<Transform>
<Rotation>-0.97256447214254915 -3.9071592066046177e-016 -0.23263350473670941 5.4557053319470573e-016 -1 -6.0131749779937137e-016 -0.23263350473670941 -7.1173802005548381e-016 0.97256447214254915</Rotation>
<Translation>0.018536599253033893 0.038101741914546391 0.0085394603787500856</Translation>
</Transform>
<Instance name="Motor-Axle-1" uid="Motor-Axle-1" grounded="true" entityUid="Motor-Axle*:*Default">
<Transform>
<Rotation>-0.11475475037738769 0 -0.99339385304411043 0 1 0 0.99339385304411032 0 -0.11475475037738765</Rotation>
<Translation>-0.0079260124165768664 0.016264527518149406 0.020729622925321767</Translation>
</Transform>
</Instance>
<Instance name="Motor-Gear-1" uid="Motor-Gear-1" entityUid="Motor-Gear*:*Default">
<Transform>
<Rotation>-0.11475475037738768 -3.6255720647915268e-016 -0.99339385304411032 2.3939183968479938e-016 1 -3.9291486730874681e-016 0.99339385304411032 -2.8796409701214998e-016 -0.11475475037738764</Rotation>
<Translation>-0.0079260124165774215 0.02588952751814939 0.020729622925321767</Translation>
</Transform>
</Instance>
</Instance>
<Instance name="Motor-1" uid="Motor-1" entityUid="Motor*:*Default">
<Transform>
<Rotation>-0.97080728619572898 1.2405442903054192e-016 -0.23986082020472604 0 -1 -7.9452607296763954e-016 -0.23986082020472604 -7.8776734244262345e-016 0.97080728619572898</Rotation>
<Translation>0.021422752014365491 0.044337214657306369 0.030544211208619387</Translation>
</Transform>
</Instance>
<Instance name="Box-Part-3-1" uid="Box-Part-3-1" entityUid="Box-Part-3*:*Default">
<Transform>
<Rotation>1 0 0 0 1 0 0 0 1</Rotation>
<Translation>0.021422752502171405 0.0048372146573108302 0.046454211198158291</Translation>
</Transform>
</Instance>
<Instance name="9-6-1-1" uid="9-6-1-1" entityUid="9-6-1*:*Default">
<Transform>
<Rotation>1 0 0 0 1 0 0 0 1</Rotation>
<Translation>0.010022752502169316 0.039337214657310847 0.054234211198158189</Translation>
</Transform>
</Instance>
</Instance>
<Instance name="9-3-1-11" uid="9-3-1-11" entityUid="9-3-1*:*Default">
<Transform>
<Rotation>0.99977704176739191 0 0.021115557175768497 0 -1 2.9451290722497419e-016 0.021115557175768497 -2.9272354088394212e-016 -0.99977704176739191</Rotation>
<Translation>-0.022071795127945507 0.078000000000000014 2.6474929112700409</Translation>
</Transform>
</Instance>
<Instance name="9-3-1-12" uid="9-3-1-12" entityUid="9-3-1*:*Default">
<Transform>
<Rotation>0.99977704176739179 1.3882658422132615e-016 0.021115557175768501 1.3265797859905091e-016 -1 2.9353631349296822e-016 0.021115557175768501 -2.9066972002337538e-016 -0.99977704176739179</Rotation>
<Translation>0.017919286542750136 0.078 2.6483375335570716</Translation>
</Transform>
</Instance>
<Instance name="9-3-1-13" uid="9-3-1-13" entityUid="9-3-1*:*Default">
<Transform>
<Rotation>0.99977704176739168 1.7043432826499907e-016 0.021115557175772143 1.7563262965129917e-016 -0.99999999999999989 -2.4432898464386288e-016 0.021115557175772147 2.4798309034979825e-016 -0.99977704176739157</Rotation>
<Translation>-0.036751717396819802 0.080000000000000057 2.6321795222858935</Translation>
</Transform>
</Instance>
<Instance name="10-1-1-9" uid="10-1-1-9" entityUid="10-1-1*:*Default">
<Transform>
<Rotation>0.99977704176739179 -3.1199138183528462e-016 -0.021115557175766599 2.8470882273640215e-016 1 -1.295065862917018e-015 0.021115557175766599 1.2887653318961748e-015 0.99977704176739179</Rotation>
<Translation>-0.024959124619206151 0.054369999999992945 2.5474096293074227</Translation>
</Transform>
</Instance>
<Instance name="6-2-1-1" uid="6-2-1-1" entityUid="6-2-1*:*Default">
<Transform>
<Rotation>0.99977704176739168 -1.9957881305129936e-016 -0.021115557175772119 2.0630615789101927e-016 1 3.1641822790201791e-016 0.021115557175772119 -3.2070394935701495e-016 0.99977704176739168</Rotation>
<Translation>-0.002076254292597615 0.071000000000000063 2.6479152224135563</Translation>
</Transform>
</Instance>
<Instance name="7-1-1-1" uid="7-1-1-1" entityUid="7-1-1*:*Default">
<Transform>
<Rotation>0.99992732935794426 1.9547533617837054e-016 -0.012055538274568114 -2.0673071004776536e-016 1 -9.3238065037918104e-016 0.012055538274568114 9.3480514357080175e-016 0.99992732935794426</Rotation>
<Translation>-0.00034229766758733668 0.084250000000000019 2.6504443035520375</Translation>
</Transform>
</Instance>
<Instance name="10-1-1-12" uid="10-1-1-12" entityUid="10-1-1*:*Default">
<Transform>
<Rotation>0.99977704176739179 1.8067826498161434e-016 -0.021115557175772123 -2.1182353940453013e-016 1 -1.4727551994994064e-015 0.021115557175772123 1.4768996086605326e-015 0.99977704176739179</Rotation>
<Translation>0.019686387744478787 0.074450000000000072 2.648185595996043</Translation>
</Transform>
</Instance>
<Instance name="9-3-1-15" uid="9-3-1-15" entityUid="9-3-1*:*Default">
<Transform>
<Rotation>0.99977704176739168 2.496353536132694e-016 0.021115557175772147 2.5569980242674409e-016 -1 -2.8450295612760236e-016 0.021115557175772147 2.898387676805012e-016 -0.99977704176739168</Rotation>
<Translation>0.032599208811624446 0.080000000000000071 2.663650922541219</Translation>
</Transform>
</Instance>
<Instance name="10-1-1-10" uid="10-1-1-10" entityUid="10-1-1*:*Default">
<Transform>
<Rotation>0.99977704176739191 -2.521042266056978e-016 -0.021115557175766596 2.6992307224488573e-016 1 8.4102275494017477e-016 0.021115557175766596 -8.4653481805819471e-016 0.99977704176739191</Rotation>
<Translation>0.023657216252738925 0.054369999999992973 2.6134509148810916</Translation>
</Transform>
</Instance>
<Instance name="10-1-1-11" uid="10-1-1-11" entityUid="10-1-1*:*Default">
<Transform>
<Rotation>0.99977704176739179 1.8067699134247092e-016 -0.021115557175772123 -2.1182449669596115e-016 1 -1.472860842799259e-015 0.021115557175772123 1.4770052486200833e-015 0.99977704176739179</Rotation>
<Translation>-0.020310705429805044 0.074450000000000072 2.6477033744607579</Translation>
</Transform>
</Instance>
<Instance name="9-3-1-14" uid="9-3-1-14" entityUid="9-3-1*:*Default">
<Transform>
<Rotation>0.99977704176739168 1.4581390914790505e-016 0.021115557175772147 1.5543382628175473e-016 -1 -4.5394311891488353e-016 0.021115557175772147 4.5712398043648018e-016 -0.99977704176739168</Rotation>
<Translation>-0.037385184112092865 0.080000000000000071 2.6621728335389152</Translation>
</Transform>
</Instance>
<Instance name="9-3-1-16" uid="9-3-1-16" entityUid="9-3-1*:*Default">
<Transform>
<Rotation>0.99977704176739168 1.8721684363034697e-016 0.021115557175772147 1.9472874277491686e-016 -1 -3.5369574695159991e-016 0.021115557175772147 3.5772869350600181e-016 -0.99977704176739168</Rotation>
<Translation>0.033232675526897459 0.080000000000000071 2.6336576112881973</Translation>
</Transform>
</Instance>
<Instance name="Back-Wheel-2" uid="Back-Wheel-2" entityUid="Back-Wheel" rigid="true">
<Transform>
<Rotation>-0.0031459130306179754 -0.99977704218796315 -0.020879874163687338 0.98883935104433529 -1.9339548744836111e-016 -0.14898569671689266 0.14895247919192792 -0.02111553726258537 0.98861888158617062</Rotation>
<Translation>0.08040597149949863 0.05699999999999706 2.6379066901352179</Translation>
</Transform>
<Instance name="11-2-1-2" uid="11-2-1-2" entityUid="11-2-1*:*Default">
<Transform>
<Rotation>1 0 0 0 -0.99999999999999989 0 0 0 -1.0000000000000002</Rotation>
<Translation>0 0 0</Translation>
</Transform>
</Instance>
<Instance name="11-0-1-5" uid="11-0-1-5" entityUid="11-0-1*:*Default">
<Transform>
<Rotation>1 0 0 0 -0.99999999999999989 0 0 0 -1.0000000000000002</Rotation>
<Translation>0 0 0</Translation>
</Transform>
</Instance>
<Instance name="11-0-1-1" uid="11-0-1-1" entityUid="11-0-1*:*Default">
<Transform>
<Rotation>1 0 0 0 1 0 0 0 1</Rotation>
<Translation>0 0 0</Translation>
</Transform>
</Instance>
<Instance name="11-2-1-1" uid="11-2-1-1" entityUid="11-2-1*:*Default">
<Transform>
<Rotation>1 0 0 0 1 0 0 0 1</Rotation>
<Translation>0 0 0</Translation>
</Transform>
</Instance>
</Instance>
<Instance name="Road-1" uid="Road-1" grounded="true" entityUid="Road*:*Default">
<Transform>
<Rotation>0 0 -1 0 1 0 1 0 -1.2490009027033011e-016</Rotation>
<Translation>0 0 -0.18212522471465706</Translation>
</Transform>
</Instance>
<Instance name="Back-Wheel-1" uid="Back-Wheel-1" entityUid="Back-Wheel" rigid="true">
<Transform>
<Rotation>0.0034865187058973441 0.99977704176739135 -0.020825727890220452 -0.98627413507693651 -4.19232287412092e-016 -0.16511611210975446 -0.16507929811322331 0.021115557175790511 0.98605423713891194</Rotation>
<Translation>-0.084044476427529935 0.057000000000000016 2.634533934264113</Translation>
</Transform>
<Instance name="11-2-1-2" uid="11-2-1-2" entityUid="11-2-1*:*Default">
<Transform>
<Rotation>1 0 0 0 -1 0 0 0 -1</Rotation>
<Translation>0 0 0</Translation>
</Transform>
</Instance>
<Instance name="11-0-1-5" uid="11-0-1-5" entityUid="11-0-1*:*Default">
<Transform>
<Rotation>1 0 0 0 -1 0 0 0 -1</Rotation>
<Translation>0 0 0</Translation>
</Transform>
</Instance>
<Instance name="11-0-1-1" uid="11-0-1-1" entityUid="11-0-1*:*Default">
<Transform>
<Rotation>1 0 0 0 1 0 0 0 1</Rotation>
<Translation>0 0 0</Translation>
</Transform>
</Instance>
<Instance name="11-2-1-1" uid="11-2-1-1" entityUid="11-2-1*:*Default">
<Transform>
<Rotation>1 0 0 0 1 0 0 0 1</Rotation>
<Translation>0 0 0</Translation>
</Transform>
</Instance>
</Instance>
<Instance name="1-2-2" uid="1-2-2" entityUid="1-2">
<Transform>
<Rotation>1 7.0323501238250851e-010 -1.5783758744734012e-008 0 0.99900893033551041 0.044510191079115552 1.5799417065025249e-008 -0.044510191079115545 0.99900893033551064</Rotation>
<Translation>0.0050160758862029834 0.040760083295949039 2.3168841007580694</Translation>
</Transform>
<Instance name="2-1-1-3" uid="2-1-1-3" entityUid="2-1-1*:*Default">
<Transform>
<Rotation>-7.3551945733398843e-015 -1.4505611877592428e-016 -1 -0.044510191079114865 0.99900893033551041 1.8246875782647012e-016 0.99900893033551041 0.044510191079114865 -7.3543615386857392e-015</Rotation>
<Translation>0.036669126839062822 0.0055400669541789196 0.10571377538697346</Translation>
</Transform>
</Instance>
<Instance name="10-4-1-1" uid="10-4-1-1" entityUid="10-4-1*:*Default">
<Transform>
<Rotation>1 0 0 0 1 0 0 0 1</Rotation>
<Translation>0.026669126839056152 0.0073975106414822869 0.014267859599791599</Translation>
</Transform>
</Instance>
<Instance name="1-3-1-1" uid="1-3-1-1" entityUid="1-3-1*:*Default">
<Transform>
<Rotation>1 0 0 0 1 0 0 0 1</Rotation>
<Translation>0.036519126839064511 -0.0098524893585161741 -0.014732140400209204</Translation>
</Transform>
</Instance>
<Instance name="9-4-1-2" uid="9-4-1-2" entityUid="9-4-1*:*Default">
<Transform>
<Rotation>-1 -1.6590363082735316e-016 -6.9727352855174224e-016 1.6590363082735249e-016 -1 9.7144514654701217e-016 -6.9727352855174244e-016 9.7144514654701197e-016 1</Rotation>
<Translation>0.026669126839064555 0.010147510641483788 0.014267859599791155</Translation>
</Transform>
</Instance>
<Instance name="10-4-1-2" uid="10-4-1-2" entityUid="10-4-1*:*Default">
<Transform>
<Rotation>1 0 0 0 1 0 0 0 1</Rotation>
<Translation>-0.032630873160943139 0.0073975106414837788 0.014267859599791599</Translation>
</Transform>
</Instance>
<Instance name="1-2-1-2" uid="1-2-1-2" entityUid="1-2-1*:*Default">
<Transform>
<Rotation>1 0 0 0 1 0 0 0 1</Rotation>
<Translation>0.026669126839064548 -0.0008024893585162271 0.014267859599791155</Translation>
</Transform>
</Instance>
<Instance name="1-2-1-1" uid="1-2-1-1" entityUid="1-2-1*:*Default">
<Transform>
<Rotation>1 0 0 0 1 0 0 0 1</Rotation>
<Translation>-0.032630873160935575 -0.0008024893585162271 0.014267859599791155</Translation>
</Transform>
</Instance>
<Instance name="1-1-1-9" uid="1-1-1-9" entityUid="1-1-1*:*Default">
<Transform>
<Rotation>-1 0 0 0 1 -9.6450625264310474e-016 0 -9.6450625264310474e-016 -1</Rotation>
<Translation>-0.0029808731609414899 -0.00080248935851399278 0.014267859599791599</Translation>
</Transform>
</Instance>
<Instance name="1-4-1-1" uid="1-4-1-1" entityUid="1-4-1*:*Default">
<Transform>
<Rotation>1 0 0 0 1 0 0 0 1</Rotation>
<Translation>-0.042480873160935587 -0.0098524893585162018 -0.014732140400209204</Translation>
</Transform>
</Instance>
<Instance name="2-0-1-2" uid="2-0-1-2" entityUid="2-0-1*:*Default">
<Transform>
<Rotation>-6.9183041277636973e-015 1.2539346514521708e-016 -1 1.0061396160665481e-015 1 1.2539346411124132e-016 1.0000000000000004 -1.0200174038743626e-015 -6.9183042270253708e-015</Rotation>
<Translation>-0.032630873160924709 0.005197510641483806 0.064267859599791421</Translation>
</Transform>
</Instance>
<Instance name="9-5-1-8" uid="9-5-1-8" entityUid="9-5-1*:*Default">
<Transform>
<Rotation>-6.9118480029350525e-015 1 1.6102776218069682e-016 1.0200174038743622e-015 -1.6102776218068977e-016 1 1 6.9118480029350525e-015 -1.020017403874361e-015</Rotation>
<Translation>0.026669126839045806 0.0098260329196908011 0.1106178595997922</Translation>
</Transform>
</Instance>
<Instance name="1-0-1-6" uid="1-0-1-6" grounded="true" entityUid="1-0-1*:*Default">
<Transform>
<Rotation>1 0 0 0 1 0 0 0 1</Rotation>
<Translation>-0.0029808731609362597 -0.00080248935851624098 -0.00048214040020910787</Translation>
</Transform>
</Instance>
<Instance name="2-0-1-1" uid="2-0-1-1" entityUid="2-0-1*:*Default">
<Transform>
<Rotation>6.91446742585466e-015 1.6590336395820739e-016 1 -1.0061396160665481e-015 1 -1.659033630276292e-016 -1.0000000000000004 -1.0200174038743626e-015 6.9144675251163335e-015</Rotation>
<Translation>0.026669126839074374 0.0051975106414854574 0.064267859599790977</Translation>
</Transform>
</Instance>
<Instance name="2-2-1-2" uid="2-2-1-2" entityUid="2-2-1*:*Default">
<Transform>
<Rotation>6.9256667068860712e-015 -1.4505611960310489e-016 1 0.044510191079114865 0.99900893033551041 -1.6335038959044557e-016 -0.99900893033551041 0.044510191079114865 6.9252593643072399e-015</Rotation>
<Translation>-0.042630873160925328 0.0055400669541789127 0.10571377538697257</Translation>
</Transform>
</Instance>
<Instance name="9-5-1-7" uid="9-5-1-7" entityUid="9-5-1*:*Default">
<Transform>
<Rotation>6.914467346445318e-015 -1 1.659033989065952e-016 -1.0061396160665477e-015 1.6590339890658825e-016 1 -1 -6.914467346445318e-015 -1.0061396160665465e-015</Rotation>
<Translation>-0.032630873160925097 0.0098260329196503474 0.11061785959979131</Translation>
</Transform>
</Instance>
<Instance name="10-3-1-1" uid="10-3-1-1" entityUid="10-3-1*:*Default">
<Transform>
<Rotation>7.0583107991853985e-015 1 -1.6382845201216999e-016 -1.0061396160665477e-015 -1.6382845201216289e-016 -1 -1 7.0583107991853985e-015 1.0061396160665465e-015</Rotation>
<Translation>0.027469126839062455 0.0098260329196502433 0.11061785959979087</Translation>
</Transform>
</Instance>
<Instance name="10-3-1-2" uid="10-3-1-2" entityUid="10-3-1*:*Default">
<Transform>
<Rotation>6.9362133291792961e-015 -1 1.2331856012681774e-016 -1.0824674490095272e-015 1.2331856012681022e-016 1 -1 -6.9362133291792961e-015 -1.0824674490095264e-015</Rotation>
<Translation>-0.033430873160925037 0.0098260329196504861 0.11061785959979087</Translation>
</Transform>
</Instance>
<Instance name="9-4-1-1" uid="9-4-1-1" entityUid="9-4-1*:*Default">
<Transform>
<Rotation>-1 -1.8906354967491741e-016 -7.0399558202115237e-016 1.8906354967491679e-016 -1 8.6736173798840365e-016 -7.0399558202115256e-016 8.6736173798840355e-016 1</Rotation>
<Translation>-0.032630873160935575 0.010147510641483795 0.014267859599791155</Translation>
</Transform>
</Instance>
</Instance>
<Instance name="3-4-2" uid="3-4-2" grounded="true" entityUid="3-4">
<Transform>
<Rotation>1 -2.0523617135678325e-016 -1.579942918982401e-008 2.4451950844267741e-016 1 -1.7132366103992133e-016 1.5799429093913394e-008 1.3662494885635029e-016 1</Rotation>
<Translation>-0.029453896143097891 0.0053090082257384432 2.383239036564833</Translation>
</Transform>
<Instance name="3-1-1-2" uid="3-1-1-2" entityUid="3-1-1*:*Default">
<Transform>
<Rotation>0.99999999744897961 0 7.1428571429011403e-005 0 1 0 -7.1428571429011403e-005 0 0.99999999744897961</Rotation>
<Translation>-0.0070115093394927941 0.045690991774260864 0.081507015616946177</Translation>
</Transform>
</Instance>
<Instance name="9-4-1-6" uid="9-4-1-6" entityUid="9-4-1*:*Default">
<Transform>
<Rotation>-1 0 0 0 -1 2.1872214610507655e-016 0 2.1872214610507655e-016 1</Rotation>
<Translation>0.021489097819977286 0.054440991774260858 0.070007479880977108</Translation>
</Transform>
</Instance>
<Instance name="3-0-1-1" uid="3-0-1-1" grounded="true" entityUid="3-0-1*:*Default">
<Transform>
<Rotation>1 0 0 0 1 0 0 0 1</Rotation>
<Translation>0.031489097819977378 0.042440991774260854 0.075007479880977002</Translation>
</Transform>
</Instance>
<Instance name="4-1-1-1" uid="4-1-1-1" entityUid="4-1-1*:*Default">
<Transform>
<Rotation>0.99977704210100504 -5.6062673504733431e-016 -0.021115541379873096 5.5633031647874841e-016 1 -2.0934612698628495e-016 0.021115541379873096 1.9755223579516446e-016 0.99977704210100504</Rotation>
<Translation>0.0318013514290146 0.071940991774256349 0.055222895096435742</Translation>
</Transform>
</Instance>
<Instance name="Front-Wheel-1" uid="Front-Wheel-1" entityUid="Front-Wheel" rigid="true">
<Transform>
<Rotation>-6.8735114689177207e-005 0.99999999744897972 1.9429998064865915e-005 -0.27201997290184859 8.8391842839952918e-016 -0.96229160566975624 -0.96229160321493079 -7.1428571427326892e-005 0.27201997220792018</Rotation>
<Translation>-0.030461473565385658 0.051690991774309532 0.082008690615670066</Translation>
</Transform>
<Instance name="11-1-1-4" uid="11-1-1-4" entityUid="11-1-1*:*Default">
<Transform>
<Rotation>1 0 0 0 -1 0 0 0 -1</Rotation>
<Translation>0 0 0</Translation>
</Transform>
</Instance>
<Instance name="11-0-1-4" uid="11-0-1-4" entityUid="11-0-1*:*Default">
<Transform>
<Rotation>1 0 0 0 -1 0 0 0 -1</Rotation>
<Translation>0 0 0</Translation>
</Transform>
</Instance>
<Instance name="11-0-1-1" uid="11-0-1-1" entityUid="11-0-1*:*Default">
<Transform>
<Rotation>1 0 0 0 1 0 0 0 1</Rotation>
<Translation>0 0 0</Translation>
</Transform>
</Instance>
<Instance name="11-1-1-1" uid="11-1-1-1" entityUid="11-1-1*:*Default">
<Transform>
<Rotation>1 0 0 0 1 0 0 0 1</Rotation>
<Translation>0 0 0</Translation>
</Transform>
</Instance>
</Instance>
<Instance name="3-1-1-1" uid="3-1-1-1" entityUid="3-1-1*:*Default">
<Transform>
<Rotation>0.99999999744897961 0 -7.1428571428423115e-005 0 1 0 7.1428571428423115e-005 0 0.99999999744897961</Rotation>
<Translation>0.045489705041884709 0.045690991774260864 0.081505265616947042</Translation>
</Transform>
</Instance>
<Instance name="3-3-1-1" uid="3-3-1-1" entityUid="3-3-1*:*Default">
<Transform>
<Rotation>1 0 0 0 1 0 0 0 1</Rotation>
<Translation>0.031489097820014883 0.045690991774260857 0.065007479880977215</Translation>
</Transform>
</Instance>
<Instance name="Front-Wheel-2" uid="Front-Wheel-2" entityUid="Front-Wheel" rigid="true">
<Transform>
<Rotation>-4.7482434370763713e-005 -0.99999999744897972 -5.3361589578837838e-005 0.74706225412282135 -7.3516692336470282e-016 -0.6647540811946393 0.66475407949883814 -7.1428571427269334e-005 0.74706225221705047</Rotation>
<Translation>0.093439669205277603 0.05169099177430897 0.082008690615670066</Translation>
</Transform>
<Instance name="11-1-1-4" uid="11-1-1-4" entityUid="11-1-1*:*Default">
<Transform>
<Rotation>1 0 0 0 -1 0 0 0 -1</Rotation>
<Translation>0 0 0</Translation>
</Transform>
</Instance>
<Instance name="11-0-1-4" uid="11-0-1-4" entityUid="11-0-1*:*Default">
<Transform>
<Rotation>1 0 0 0 -1 0 0 0 -1</Rotation>
<Translation>0 0 0</Translation>
</Transform>
</Instance>
<Instance name="11-0-1-1" uid="11-0-1-1" entityUid="11-0-1*:*Default">
<Transform>
<Rotation>1 0 0 0 1 0 0 0 1</Rotation>
<Translation>0 0 0</Translation>
</Transform>
</Instance>
<Instance name="11-1-1-1" uid="11-1-1-1" entityUid="11-1-1*:*Default">
<Transform>
<Rotation>1 0 0 0 1 0 0 0 1</Rotation>
<Translation>0 0 0</Translation>
</Transform>
</Instance>
</Instance>
<Instance name="3-4-1-1" uid="3-4-1-1" entityUid="3-4-1*:*Default">
<Transform>
<Rotation>1 0 0 0 1 0 0 0 1</Rotation>
<Translation>0.031489097820031668 0.04894099177426086 0.070007479880977108</Translation>
</Transform>
</Instance>
<Instance name="9-4-1-7" uid="9-4-1-7" entityUid="9-4-1*:*Default">
<Transform>
<Rotation>1 2.7976672304583934e-016 0 2.7976672304583934e-016 -1 0 0 0 -1</Rotation>
<Translation>0.041489097819977276 0.054440991774260851 0.070007479880977108</Translation>
</Transform>
</Instance>
<Instance name="4-3-1-1" uid="4-3-1-1" entityUid="4-3-1*:*Default">
<Transform>
<Rotation>0.021115541379862213 -1.4890924281755707e-016 0.99977704210100526 8.6183992086584459e-016 1 1.3074017586062121e-016 -0.99977704210100526 8.5888711725442323e-016 0.021115541379862213</Rotation>
<Translation>0.031292466881795031 0.051940991774257553 0.079317521811069991</Translation>
</Transform>
</Instance>
<Instance name="4-0-1-1" uid="4-0-1-1" entityUid="4-0-1*:*Default">
<Transform>
<Rotation>0.021115541379873336 -4.8581022543822787e-016 0.99977704210100504 3.159075116732892e-016 1 4.792465191002769e-016 -0.99977704210100504 3.0571752789298769e-016 0.021115541379873336</Rotation>
<Translation>0.030756132130719385 0.068690991774261689 0.1047118586804352</Translation>
</Transform>
</Instance>
<Instance name="9-3-1-12" uid="9-3-1-12" entityUid="9-3-1*:*Default">
<Transform>
<Rotation>-1 0 0 0 -1 0 0 0 1</Rotation>
<Translation>0.021489097819977356 0.051440991774260855 0.090007479880977126</Translation>
</Transform>
</Instance>
<Instance name="4-2-1-1" uid="4-2-1-1" entityUid="4-2-1*:*Default">
<Transform>
<Rotation>-0.02111554137987353 -4.9531463029203513e-016 -0.99977704210100504 0 1 -4.9541065836486694e-016 0.99977704210100504 0 -0.02111554137987353</Rotation>
<Translation>0.040437169431031136 0.071940991774261637 0.11991966972575119</Translation>
</Transform>
</Instance>
<Instance name="9-3-1-14" uid="9-3-1-14" entityUid="9-3-1*:*Default">
<Transform>
<Rotation>0.021115541379873329 4.1076226235540128e-016 -0.99977704210100504 5.3133966254690481e-016 -1 -3.9963183879927433e-016 -0.99977704210100504 -5.2278275354320976e-016 -0.021115541379873329</Rotation>
<Translation>0.035755017341225749 0.07769099177426167 0.10481743638733532</Translation>
</Transform>
</Instance>
<Instance name="9-3-1-13" uid="9-3-1-13" entityUid="9-3-1*:*Default">
<Transform>
<Rotation>1 0 0 0 -1 0 0 0 -1</Rotation>
<Translation>-0.013510902180022634 0.051440991774260862 0.090007479880977126</Translation>
</Transform>
</Instance>
<Instance name="4-2-1-2" uid="4-2-1-2" entityUid="4-2-1*:*Default">
<Transform>
<Rotation>-0.021115541379873377 4.1799923976887024e-016 0.99977704210100504 -2.2639551279276685e-016 -1 4.133109268861671e-016 0.99977704210100504 -2.1761775214547401e-016 0.021115541379873377</Rotation>
<Translation>0.02044162858901194 0.075190991774261667 0.11949735889815294</Translation>
</Transform>
</Instance>
<Instance name="9-3-1-10" uid="9-3-1-10" entityUid="9-3-1*:*Default">
<Transform>
<Rotation>1 0 0 0 -1 0 0 0 -1</Rotation>
<Translation>0.041489097819977339 0.051440991774260855 0.090007479880977126</Translation>
</Transform>
</Instance>
<Instance name="9-3-1-11" uid="9-3-1-11" entityUid="9-3-1*:*Default">
<Transform>
<Rotation>1 -1.299319563586039e-016 0 -1.2993195635860388e-016 -1 0 0 0 -1</Rotation>
<Translation>0.076489097819977342 0.051440991774260869 0.090007479880977126</Translation>
</Transform>
</Instance>
<Instance name="9-3-1-8" uid="9-3-1-8" entityUid="9-3-1*:*Default">
<Transform>
<Rotation>-0.021115541379871986 0 0.99977704210100526 0 -1 0 0.99977704210100526 0 0.021115541379871892</Rotation>
<Translation>0.036810794410218117 0.077690991774261739 0.054828584282284876</Translation>
</Transform>
</Instance>
<Instance name="9-3-1-9" uid="9-3-1-9" entityUid="9-3-1*:*Default">
<Transform>
<Rotation>-0.02111554137987251 -6.1472240911844559e-016 0.99977704210100504 -9.8204218764233997e-016 -1 -6.3560047371460749e-016 0.99977704210100504 -9.9524428168324615e-016 0.02111554137987251</Rotation>
<Translation>0.026813023989208085 0.077690991774261753 0.054617428868485085</Translation>
</Transform>
</Instance>
<Instance name="10-1-1-1" uid="10-1-1-1" entityUid="10-1-1*:*Default">
<Transform>
<Rotation>-0.99977704210100504 5.0137259403329704e-016 0.0211155413798731 5.1997477763933776e-016 1 8.7548080295533607e-016 -0.0211155413798731 8.8626515652863256e-016 -0.99977704210100504</Rotation>
<Translation>0.026813023989197743 0.075390991774256871 0.054617428868484641</Translation>
</Transform>
</Instance>
<Instance name="9-3-1-15" uid="9-3-1-15" entityUid="9-3-1*:*Default">
<Transform>
<Rotation>-0.021115541379873305 3.6937749472112555e-016 0.99977704210100504 4.2972577574593835e-016 -1 3.7853578466413015e-016 0.99977704210100504 4.3762295301467234e-016 0.021115541379873305</Rotation>
<Translation>0.025757246920214891 0.077690991774261683 0.10460628097353464</Translation>
</Transform>
</Instance>
<Instance name="10-1-1-4" uid="10-1-1-4" entityUid="10-1-1*:*Default">
<Transform>
<Rotation>1 0 0 0 1 0 0 0 1</Rotation>
<Translation>0.021489097820031659 0.052140991774260861 0.070007479880977996</Translation>
</Transform>
</Instance>
<Instance name="10-1-1-3" uid="10-1-1-3" entityUid="10-1-1*:*Default">
<Transform>
<Rotation>-0.021115541379861626 -1.1394291501696971e-016 -0.99977704210100549 -4.3604186890939106e-016 1 -1.4405111146831246e-016 0.99977704210100549 3.982042237844446e-016 -0.021115541379861533</Rotation>
<Translation>0.035755017341253269 0.075390991774261534 0.10481743638733576</Translation>
</Transform>
</Instance>
<Instance name="3-2-1-2" uid="3-2-1-2" entityUid="3-2-1*:*Default">
<Transform>
